1484400129982 1484400129982 1484400129982 1484400129982 WrappedExecutionContext.scala:32
1484400129982 1484400129982 1484400129982 1484400129982 WrappedExecutionContext.scala:32
1484400129981 1484400129981 1484400129981 1484400129982 WrappedExecutionContext.scala:32
1484400125982 1484400129980 1484400129981 1484400129981 WrappedExecutionContext.scala:32
1484400125982 1484400125982 1484400125982 1484400125982 WrappedExecutionContext.scala:32
1484400125981 1484400125982 1484400125982 1484400125982 WrappedExecutionContext.scala:32
1484400125981 1484400125981 1484400125981 1484400125981 WrappedExecutionContext.scala:32
1484400125981 1484400125981 1484400125981 1484400125981 WrappedExecutionContext.scala:32
1484400125981 1484400125981 1484400125981 1484400125981 WrappedExecutionContext.scala:32
1484400125980 1484400125980 1484400125980 1484400125981 WrappedExecutionContext.scala:32
1484400125980 1484400125980 1484400125980 1484400125980 WrappedExecutionContext.scala:32
1484400121982 1484400125980 1484400125980 1484400125980 WrappedExecutionContext.scala:32
1484400121981 1484400121982 1484400121982 1484400121982 WrappedExecutionContext.scala:32
1484400121981 1484400121981 1484400121981 1484400121981 WrappedExecutionContext.scala:32
1484400121981 1484400121981 1484400121981 1484400121981 WrappedExecutionContext.scala:32
1484400121980 1484400121981 1484400121981 1484400121981 WrappedExecutionContext.scala:32
1484400121980 1484400121980 1484400121980 1484400121980 WrappedExecutionContext.scala:32
1484400121980 1484400121980 1484400121980 1484400121980 WrappedExecutionContext.scala:32
1484400121980 1484400121980 1484400121980 1484400121980 WrappedExecutionContext.scala:32
1484400117992 1484400121979 1484400121979 1484400121980 /home/aengelen/dev/ectrace/example/TestMain.sc:21
1484400117988 1484400129981 1484400129981 1484400129981 /home/aengelen/dev/ectrace/example/TestMain.sc:20
1484400117988 1484400129981 1484400129981 1484400129981 /home/aengelen/dev/ectrace/example/TestMain.sc:20
1484400117988 1484400129981 1484400129981 1484400129981 /home/aengelen/dev/ectrace/example/TestMain.sc:20
1484400117988 1484400129981 1484400129981 1484400129981 /home/aengelen/dev/ectrace/example/TestMain.sc:20
1484400117988 1484400125982 1484400125982 1484400125982 /home/aengelen/dev/ectrace/example/TestMain.sc:20
1484400117988 1484400125982 1484400125982 1484400125982 /home/aengelen/dev/ectrace/example/TestMain.sc:20
1484400117988 1484400125981 1484400125981 1484400125981 /home/aengelen/dev/ectrace/example/TestMain.sc:20
1484400117988 1484400125981 1484400125981 1484400125981 /home/aengelen/dev/ectrace/example/TestMain.sc:20
1484400117987 1484400125981 1484400125981 1484400125981 /home/aengelen/dev/ectrace/example/TestMain.sc:20
1484400117987 1484400125980 1484400125981 1484400125981 /home/aengelen/dev/ectrace/example/TestMain.sc:20
1484400117987 1484400125980 1484400125980 1484400125980 /home/aengelen/dev/ectrace/example/TestMain.sc:20
1484400117987 1484400125980 1484400125980 1484400125980 /home/aengelen/dev/ectrace/example/TestMain.sc:20
1484400117987 1484400121982 1484400121982 1484400121982 /home/aengelen/dev/ectrace/example/TestMain.sc:20
1484400117987 1484400121981 1484400121981 1484400121981 /home/aengelen/dev/ectrace/example/TestMain.sc:20
1484400117987 1484400121981 1484400121981 1484400121981 /home/aengelen/dev/ectrace/example/TestMain.sc:20
1484400117986 1484400121981 1484400121981 1484400121981 /home/aengelen/dev/ectrace/example/TestMain.sc:20
1484400117986 1484400121980 1484400121980 1484400121980 /home/aengelen/dev/ectrace/example/TestMain.sc:20
1484400117986 1484400121980 1484400121980 1484400121980 /home/aengelen/dev/ectrace/example/TestMain.sc:20
1484400117986 1484400121980 1484400121980 1484400121980 /home/aengelen/dev/ectrace/example/TestMain.sc:20
1484400117986 1484400121979 1484400121980 1484400121980 /home/aengelen/dev/ectrace/example/TestMain.sc:20
1484400117984 1484400117984 1484400125981 1484400129981 /home/aengelen/dev/ectrace/example/TestMain.sc:14
1484400117984 1484400117984 1484400125981 1484400129981 /home/aengelen/dev/ectrace/example/TestMain.sc:14
1484400117984 1484400117984 1484400125980 1484400129981 /home/aengelen/dev/ectrace/example/TestMain.sc:14
1484400117984 1484400117984 1484400125980 1484400129981 /home/aengelen/dev/ectrace/example/TestMain.sc:14
1484400117983 1484400117983 1484400121982 1484400125982 /home/aengelen/dev/ectrace/example/TestMain.sc:14
1484400117983 1484400117983 1484400121981 1484400125982 /home/aengelen/dev/ectrace/example/TestMain.sc:14
1484400117983 1484400117983 1484400121981 1484400125981 /home/aengelen/dev/ectrace/example/TestMain.sc:14
1484400117982 1484400117982 1484400121981 1484400125981 /home/aengelen/dev/ectrace/example/TestMain.sc:14
1484400117982 1484400117982 1484400121980 1484400125981 /home/aengelen/dev/ectrace/example/TestMain.sc:14
1484400117982 1484400117982 1484400121980 1484400125980 /home/aengelen/dev/ectrace/example/TestMain.sc:14
1484400117982 1484400117982 1484400121980 1484400125980 /home/aengelen/dev/ectrace/example/TestMain.sc:14
1484400117982 1484400117982 1484400121980 1484400125980 /home/aengelen/dev/ectrace/example/TestMain.sc:14
1484400117981 1484400117981 1484400117981 1484400121982 /home/aengelen/dev/ectrace/example/TestMain.sc:14
1484400117981 1484400117981 1484400117981 1484400121981 /home/aengelen/dev/ectrace/example/TestMain.sc:14
1484400117981 1484400117981 1484400117981 1484400121981 /home/aengelen/dev/ectrace/example/TestMain.sc:14
1484400117980 1484400117980 1484400117980 1484400121981 /home/aengelen/dev/ectrace/example/TestMain.sc:14
1484400117980 1484400117980 1484400117980 1484400121980 /home/aengelen/dev/ectrace/example/TestMain.sc:14
1484400117980 1484400117980 1484400117980 1484400121980 /home/aengelen/dev/ectrace/example/TestMain.sc:14
1484400117979 1484400117979 1484400117979 1484400121980 /home/aengelen/dev/ectrace/example/TestMain.sc:14
1484400117977 1484400117977 1484400117979 1484400121979 /home/aengelen/dev/ectrace/example/TestMain.sc:14
